 0.232945 0	0	1
 0.916936 0	1	1
  1.01197 0	1	1
  1.53896 0	1	1
  1.59197 0	1	1
  1.81633 0	1	1
   2.8009 1	0	1
   3.1452 0	1	1
   3.3322 0	1	1
  3.41285 0	1	1
  3.75059 0	1	1
   3.8659 0	1	1
  4.01185 0	1	1
   4.0218 1	0	1
  4.42183 0	1	1
  4.47588 1	0	1
  4.91953 0	1	1
  5.17998 1	0	1
  5.24292 1	0	0
  5.54183 0	0	1
  5.72279 1	0	0
  5.76875 0	0	1
  5.77988 1	0	0
  6.51481 0	0	1
  6.54127 1	0	0
  6.54714 0	0	1
  6.69675 1	0	0
  7.11382 0	0	1
  7.43073 0	1	1
  7.47514 0	1	1
  7.84236 0	1	1
  7.96575 1	0	1
  8.80884 1	0	0
