 0.427996 0	0	1
  0.51167 1	0	0
 0.549269 0	0	1
 0.616166 0	1	1
  0.72438 1	0	1
 0.810593 0	1	1
 0.868524 0	1	1
 0.997824 0	1	1
  1.06961 1	0	1
  1.29367 1	0	0
  1.40254 0	0	1
  1.43863 1	0	0
  1.64258 0	0	1
   1.7649 1	0	0
  1.99135 0	0	1
  2.27314 1	0	0
   3.4111 0	0	1
  3.50204 0	1	1
   3.5462 1	0	1
  3.58391 1	0	0
  3.66028 0	0	1
  3.68435 1	0	0
  3.88822 0	0	1
  3.93017 0	1	1
  4.15437 1	0	1
  4.30412 0	1	1
  4.40902 0	1	1
  4.46372 1	0	1
  4.52591 0	1	1
  4.53742 1	0	1
  4.62023 0	1	1
  4.80811 0	1	1
  5.12644 1	0	1
  5.52674 0	1	1
  5.73531 0	1	1
   5.7484 1	0	1
  5.90815 0	1	1
  6.67219 1	0	1
  6.72632 0	1	1
  7.10417 1	0	1
  7.19911 0	1	1
  7.24413 0	1	1
  7.90317 0	1	1
  8.05369 1	0	1
  9.05619 1	0	0
