     0.25 0	0	1 	0 	0 	0 
      0.5 0	0	1 	1 	0 	0 
 0.583333 1	0	0 	1 	0 	0 
     0.75 0	0	1 	1 	0 	0 
 0.833333 2	0	1 	0 	0 	0 
        1 0	0	1 	1 	0 	0 
  1.08333 1	0	0 	1 	0 	0 
     1.25 0	0	1 	1 	0 	0 
  1.33333 2	0	1 	0 	0 	0 
      1.5 0	0	1 	1 	0 	0 
  1.58333 1	0	0 	1 	0 	0 
     1.75 0	0	1 	1 	0 	0 
  1.83333 2	0	1 	0 	0 	0 
        2 0	0	1 	1 	0 	0 
  2.08333 1	0	0 	1 	0 	0 
     2.25 0	0	1 	1 	0 	0 
  2.33333 2	0	1 	0 	0 	0 
      2.5 0	0	1 	1 	0 	0 
  2.58333 1	0	0 	1 	0 	0 
     2.75 0	0	1 	1 	0 	0 
  2.83333 2	0	1 	0 	0 	0 
        3 0	0	1 	1 	0 	0 
